3.4,0.0212594521582397
3.5,0.000265889185426164
3.6,0.0219449567949095
3.7,0.0356449741782406
3.8,0.0343380219861344
3.9,0.0197671012914966
4,4.81209916660109e-08
4.1,0.0166547841036253
4.2,0.02554526257653
4.3,0.0252776500107576
4.4,0.016136598042125
4.5,0.000160838994626691
4.6,0.01749472664413
4.7,0.0288414599212678
4.8,0.0279157392533021
4.9,0.015983429910115
5,7.70516010051607e-08
5.1,0.0131952979771014
5.2,0.0201567117094246
5.3,0.0200206856981754
5.4,0.012930490877532
5.5,0.000107705539964744
5.6,0.014630124965287
5.7,0.0244462122273366
5.8,0.0237313237301428
5.9,0.0134875352162853
6,1.12397533108044e-07
6.1,0.0108740547412171
6.2,0.0165230465964942
6.3,0.0164523080072313
6.4,0.010736680675604
6.5,7.71732060382296e-05
6.6,0.01263420070775
6.7,0.0213834005430225
6.8,0.0207985604386211
6.9,0.0117195873103272
7,1.54166006230527e-07
7.1,0.00920996307959185
7.2,0.0139118490860178
7.3,0.0138763366003615
7.4,0.00914240817730834
7.5,5.80404657550439e-05
7.6,0.0111657072059722
7.7,0.0191353208105493
7.8,0.0186368385938512
7.9,0.010403230682554
8,2.02351798113809e-07
8.1,0.00795953664778008
8.2,0.0119482863724784
8.3,0.0119328406297859
8.4,0.00793243893523056
8.5,4.52762825223175e-05
8.6,0.010041493966511
8.7,0.0174219786825718
8.8,0.0169839266936049
8.9,0.00938631891520257
9,2.56980941700677e-07
9.1,0.00698632731100441
9.2,0.0104206254445659
9.3,0.0104170042026732
9.4,0.00698352794112316
9.5,3.63486644574654e-05
9.6,0.00915445003887449
9.7,0.0160786814412421
9.8,0.0156845724954949
9.9,0.00857817994287854
10,3.18025747070935e-07
10.1,0.00620793115804253
10.2,0.00920023098943872
10.3,0.00920369866830244
10.4,0.00622001824648686
10.5,2.98705137636969e-05
10.6,0.00843775050309074
10.7,0.0150022060772844
10.8,0.0146409805234226
10.9,0.00792141564901179
11,3.85503583181012e-07
11.1,0.00557164250649229
11.2,0.0082044473264993
11.3,0.008212168820792
11.4,0.00559289416914879
11.5,2.50302233634114e-05
11.6,0.00784754282760838
11.7,0.0141245486583057
11.8,0.0137884654607368
11.9,0.0073779206732218
12,4.59403605018086e-07
12.1,0.00504218113853904
12.2,0.00737774471029055
12.3,0.00738796992755824
12.4,0.00506900378530991
12.5,2.13272239829925e-05
12.6,0.00735385555692062
12.7,0.0133990648474946
12.8,0.0130825157149726
12.9,0.00692140423727146
13,5.3973080566367e-07
13.1,0.00459504101143404
13.2,0.00668143949282774
13.3,0.00669306388897703
13.4,0.00462512184126929
13.5,1.84391909620706e-05
13.6,0.00693550778534729
13.7,0.0127926753543442
13.8,0.0124914804263085
13.9,0.00653314000237014
14,6.2648378654867e-07
14.1,0.00421266944327595
14.2,0.00608775968704477
14.3,0.0061000757426165
14.4,0.00424449342569345
14.5,1.61509537055154e-05
14.6,0.00657710563008919
14.7,0.0122812505582674
14.8,0.0119922208180499
14.9,0.00619942741950481
15,7.1966300512361e-07
15.1,0.0038821645844632
15.2,0.00557625395142864
15.3,0.00558880493989765
15.4,0.0039147277791286
15.5,1.43144386568806e-05
15.6,0.00626719133839752
15.7,0.0118467580189591
15.8,0.011567412918215
15.9,0.00591001105852815
16,8.19263924250751e-07
16.1,0.00359383099640728
16.2,0.00513153103246412
16.3,0.00514402207757084
16.4,0.00362646453113845
16.5,1.28250337732033e-05
16.6,0.00599705995501495
16.7,0.0114754346173369
16.8,0.011203813877809
16.9,0.00565706111646882
17,9.25293895684363e-07
17.1,0.00334024206779565
17.2,0.00474178802154988
17.3,0.00475403048460356
17.4,0.00337250092098418
17.5,1.16071392485064e-05
17.6,0.0057599785994925
17.7,0.011156578538734
17.8,0.0108911131213143
17.9,0.00543449566209676
18,1.03774959748383e-06
18.1,0.00311561323717678
18.2,0.00439782394517986
18.3,0.00440969982662088
18.4,0.00314720421802463
18.5,1.0605015038385e-05
18.6,0.00555065709429892
18.7,0.0108817293659791
18.8,0.0106211507741641
18.9,0.00523751802726236
19,1.15663099544585e-06
19.1,0.00291537211907452
19.2,0.0040923616941852
19.3,0.00410380039149173
19.4,0.00294610624615095
19.5,9.77684035491511e-06
19.6,0.00536488036264549
19.7,0.0106440985681996
19.8,0.0103873736205743
19.9,0.00506229368838318
20,1.28193791388288e-06
20.1,0.00273585694569073
20.2,0.00381957141235137
20.3,0.00383053429107546
20.4,0.00276561739448474
20.5,9.09073753879274e-06
20.6,0.00519924770367272
20.7,0.0104381658592384
20.8,0.0101844487636205
20.9,0.00490571990095956
21,1.41367087172102e-06
21.1,0.00257410076850581
21.2,0.00357472882250147
21.3,0.00358519882821122
21.4,0.00260282095178819
21.5,8.52206688979851e-06
21.6,0.0050509843790735
21.7,0.0102593879773532
21.8,0.0100079843980046
21.9,0.00476525845618541
22,1.55182961326412e-06
22.1,0.00242767424013014
22.2,0.00335396590946869
22.3,0.00336394050087334
22.4,0.00245532263335196
22.5,8.05153758568316e-06
22.6,0.00491780315336573
22.7,0.0101039852484307
22.8,0.00985432481281615
22.9,0.00463881225924596
23,1.69641398376852e-06
23.1,0.00229456924120121
23.2,0.0031540861145392
23.3,0.003163572403723
23.4,0.00232113874983265
23.5,7.66387714874528e-06
23.6,0.0047978009812995
23.7,0.00996878294220513
23.8,0.00972039779547074
23.9,0.00452463289939044
24,1.84742357475322e-06
24.1,0.00217311147260782
24.2,0.00297242535965795
24.3,0.00298143675479004
24.4,0.00219861192008412
24.5,7.34686148874427e-06
24.6,0.00468938087938936
24.7,0.00985109180860533
24.8,0.00960359955733215
24.9,0.00442125050122199
25,2.00485915225197e-06
25.1,0.00206189394708278
25.2,0.00280674617637318
25.3,0.00281530004950787
25.4,0.00208634672692375
25.5,7.09061793333101e-06
25.6,0.00459119209348798
25.7,0.00974861704864296
25.8,0.00950170694602113
25.9,0.00432741983290042
26,2.16872146888839e-06
26.1,0.00195972576590958
26.2,0.00265515609656366
26.3,0.00266327215892339
26.4,0.00198316001273092
26.5,6.8870997252793e-06
26.6,0.00450208375792573
26.7,0.00965938812992355
26.8,0.00941280970095469
26.9,0.00424207845210219
27,2.33900784776329e-06
27.1,0.0018655922415987
27.2,0.00251604404685991
27.3,0.00252374322593269
27.4,0.00188804208158694
27.5,6.72969584822796e-06
27.6,0.00442106864083904
27.7,0.00958170406310001
27.8,0.00933525759258377
27.9,0.00416431386117855
28,2.51571993138922e-06
28.1,0.00177862352896148
28.2,0.00238803029715138
28.3,0.00239533395220593
28.4,0.00180012610202368
28.5,6.61293467121609e-06
28.6,0.00434729449805028
28.7,0.00951409022846417
28.8,0.00926761871617461
28.9,0.00409333749848521
29,2.69885793402662e-06
29.1,0.00169806973006229
29.2,0.00226992669096899
29.3,0.00227685608513137
29.4,0.00171866376776059
29.5,6.53225710219264e-06
29.6,0.00428002125443088
29.7,0.00945526391446607
29.8,0.00920864620036643
29.9,0.0040284639612191
30,2.88842138270539e-06
